0 3.58943 6.12226 0.0358943 0.0612226 0.000358943 0.000612226
1000 1.98701 3.03638 1.11296 1.5016 1.16797 1.58015
2000 1.04992 1.09832 0.839829 1.15492 0.870416 1.21066
3000 0.863483 1.09928 0.728053 1.02296 0.747177 1.03426
4000 0.432617 0.717364 0.676888 0.9405 0.702256 0.965761
5000 0.581521 1.35439 0.625151 0.893177 0.650726 0.902378
6000 0.619793 0.794995 0.631484 0.896508 0.644357 0.901129
7000 0.649361 0.978 0.633292 0.870736 0.622736 0.865451
8000 0.61207 0.79818 0.607347 0.842918 0.607259 0.837477
9000 0.422397 0.465118 0.593519 0.822601 0.600322 0.838963
10000 0.853591 1.00275 0.589079 0.824006 0.598323 0.828056
11000 0.351673 0.678128 0.541626 0.78444 0.548071 0.784586
12000 0.166854 0.827766 0.571933 0.790528 0.572735 0.79081
13000 0.262886 0.611077 0.515653 0.748361 0.522163 0.753922
14000 0.489439 0.557365 0.559738 0.770874 0.545871 0.766931
15000 0.336916 0.676678 0.542532 0.759507 0.549444 0.760317
16000 0.305107 0.72329 0.569478 0.78251 0.559341 0.769851
17000 0.138434 0.711831 0.529467 0.749195 0.530775 0.745277
18000 0.769037 0.796173 0.532998 0.735163 0.532873 0.739064
19000 0.702466 0.745552 0.521051 0.744698 0.527404 0.738531
20000 0.465302 0.787205 0.513927 0.741148 0.508076 0.728521
21000 0.556277 0.718859 0.526924 0.733111 0.527014 0.727259
22000 0.409784 0.523193 0.511714 0.710382 0.51182 0.712175
23000 0.40442 0.448804 0.506971 0.702243 0.519357 0.712434
24000 0.653277 0.922251 0.487399 0.696115 0.507266 0.706645
25000 0.555698 0.723415 0.491195 0.703694 0.494668 0.701681
26000 0.290608 0.652778 0.520962 0.705133 0.517558 0.706636
27000 0.35654 0.628892 0.49301 0.685409 0.505996 0.698004
28000 0.614984 0.688662 0.528483 0.690067 0.519451 0.693373
29000 0.536765 0.804083 0.498737 0.718812 0.501143 0.698645
30000 0.445789 0.571174 0.484018 0.670331 0.494138 0.669139
31000 0.877186 0.91033 0.492117 0.686422 0.485265 0.679116
32000 0.303246 0.439913 0.48814 0.678673 0.492104 0.685456
33000 0.518301 0.726201 0.484475 0.658944 0.493171 0.669128
34000 0.848017 0.894921 0.481899 0.678176 0.483966 0.680663
35000 0.350002 0.493945 0.463681 0.689757 0.479296 0.681689
36000 0.275837 0.457339 0.480239 0.673793 0.479428 0.670442
37000 0.632884 0.809121 0.502691 0.679099 0.486826 0.669395
38000 0.268936 0.427771 0.476185 0.649741 0.47475 0.657694
39000 0.516685 0.615853 0.46617 0.662372 0.48314 0.666073
40000 0.969554 0.990062 0.486262 0.654083 0.474475 0.659899
41000 0.627622 0.935733 0.45699 0.639164 0.464901 0.654502
42000 0.260915 0.350247 0.477779 0.649651 0.466969 0.654968
43000 0.595682 0.755907 0.482745 0.64826 0.47977 0.652939
44000 0.391125 0.957056 0.461702 0.6462 0.467725 0.651268
45000 0.715606 0.782809 0.47859 0.649388 0.470266 0.644883
46000 0.431503 0.566343 0.44768 0.635185 0.456014 0.640729
47000 0.309355 0.821672 0.469998 0.643903 0.458312 0.644374
48000 0.487011 0.656858 0.455225 0.644487 0.467425 0.657988
49000 0.265266 0.363961 0.458953 0.63312 0.465336 0.638995
50000 0.526245 0.750717 0.448702 0.628967 0.459567 0.630703
51000 0.354308 0.398365 0.455574 0.650313 0.456308 0.644861
52000 0.551283 0.830881 0.445332 0.629738 0.462785 0.638271
53000 0.276272 0.421746 0.461268 0.645904 0.458071 0.637858
54000 0.382474 0.690561 0.47046 0.640341 0.459391 0.63584
55000 0.845353 0.971613 0.462415 0.634029 0.458676 0.63484
56000 0.547027 0.620715 0.449383 0.634618 0.456386 0.634361
57000 0.362192 0.680087 0.461327 0.624214 0.448234 0.619596
58000 0.329119 0.407303 0.458232 0.622345 0.469738 0.638404
59000 0.390684 0.555821 0.449765 0.61893 0.44788 0.623132
60000 0.375736 0.401024 0.45305 0.6168 0.448638 0.624375
61000 0.412637 0.611496 0.446741 0.620712 0.452213 0.615903
62000 0.5835 0.709459 0.447795 0.62939 0.456815 0.634435
63000 0.663855 0.891298 0.425261 0.618588 0.432465 0.610232
64000 0.185551 0.44783 0.446083 0.616734 0.446778 0.61466
65000 0.187171 0.319758 0.448164 0.638168 0.448194 0.6242
66000 0.327063 0.479584 0.441984 0.607847 0.432463 0.614526
67000 0.304803 0.416634 0.454205 0.634887 0.450334 0.630103
68000 0.295646 0.463305 0.442828 0.612554 0.440567 0.61311
69000 0.453013 0.453434 0.427212 0.602631 0.429972 0.606377
70000 0.242013 0.361797 0.444677 0.622131 0.435529 0.606922
71000 0.715037 0.72154 0.436626 0.617819 0.43288 0.607255
72000 0.529942 0.774062 0.443378 0.617681 0.438873 0.609793
73000 0.436465 0.442048 0.427857 0.617192 0.437302 0.614576
74000 0.703819 0.810325 0.435465 0.593211 0.435451 0.595209
75000 0.704707 0.816503 0.442286 0.617667 0.441682 0.615262
76000 0.676206 0.865363 0.443494 0.605769 0.444629 0.609521
77000 0.592261 0.697947 0.414374 0.592759 0.436628 0.605804
78000 0.144694 0.3056 0.436232 0.594058 0.439087 0.600915
79000 0.517358 0.646425 0.437624 0.60212 0.432009 0.605622
80000 0.629187 0.673708 0.429106 0.602283 0.431637 0.604695
81000 0.525727 0.554278 0.439904 0.600232 0.440118 0.606064
82000 0.118612 0.455583 0.415643 0.589997 0.424057 0.598246
83000 0.321014 0.699338 0.431384 0.60263 0.438257 0.598335
84000 0.596469 0.59826 0.425395 0.584209 0.436839 0.601571
85000 0.510123 0.67784 0.423647 0.59842 0.432782 0.601667
86000 0.452543 0.499413 0.442762 0.602085 0.437275 0.606611
87000 0.207407 0.530087 0.428818 0.582923 0.442641 0.608716
88000 0.58336 0.584397 0.419959 0.582566 0.423809 0.588353
89000 0.605054 0.753169 0.439046 0.587254 0.432934 0.58843
90000 0.540813 0.551055 0.428091 0.589412 0.429386 0.596699
91000 0.29147 0.40307 0.455875 0.590813 0.453831 0.599021
92000 0.545577 0.664825 0.420646 0.580707 0.428019 0.592451
93000 0.311523 0.474994 0.438795 0.591937 0.437017 0.591341
94000 0.409566 0.65736 0.433164 0.609252 0.438993 0.607495
95000 0.474738 0.537114 0.441402 0.589394 0.420615 0.580266
96000 0.539371 0.58881 0.403096 0.558004 0.418243 0.579333
97000 0.584195 0.729173 0.421088 0.580214 0.428233 0.588656
98000 0.471843 0.672878 0.413347 0.560219 0.411371 0.564822
99000 0.28638 0.465357 0.421535 0.579703 0.428541 0.58039
100000 0.57653 0.641231 0.438391 0.59047 0.428587 0.577447
101000 0.760508 0.794111 0.405514 0.569874 0.423084 0.580032
102000 0.277704 0.329384 0.419046 0.584535 0.413155 0.577479
103000 0.857872 0.993093 0.427409 0.579302 0.428506 0.5753
104000 0.345511 0.348701 0.41071 0.57294 0.424578 0.586802
105000 0.319185 0.603588 0.397658 0.562048 0.418582 0.571794
106000 0.279562 0.540756 0.415477 0.567304 0.423982 0.577236
107000 0.382767 0.621373 0.427161 0.584793 0.427793 0.58816
108000 0.415419 0.568344 0.400017 0.542158 0.406337 0.553715
109000 0.389726 0.654668 0.435825 0.587682 0.418855 0.573647
110000 0.355136 0.455805 0.419732 0.555795 0.420903 0.559863
111000 0.204362 0.309546 0.406155 0.565634 0.407726 0.565798
112000 0.650818 0.763746 0.413575 0.580667 0.412291 0.574502
113000 0.665846 0.76131 0.422037 0.576329 0.422367 0.580823
114000 0.379308 0.700247 0.409585 0.565458 0.408909 0.56306
115000 0.379482 0.515098 0.410769 0.562123 0.415391 0.578369
116000 0.288846 0.469259 0.427264 0.567139 0.423365 0.574374
117000 0.164453 0.362615 0.429934 0.579758 0.416634 0.56668
118000 0.408419 0.522144 0.418665 0.587046 0.428037 0.584896
119000 0.28223 0.44006 0.418131 0.564102 0.41202 0.562016
120000 0.326237 0.460868 0.429392 0.585124 0.417683 0.579107
121000 0.105325 0.479354 0.417507 0.584796 0.420212 0.579732
122000 0.448928 0.577448 0.429272 0.577757 0.420427 0.566467
123000 0.0894819 0.391441 0.415732 0.56198 0.414837 0.563322
124000 0.872922 0.87864 0.41144 0.581381 0.404827 0.564986
125000 0.159213 0.353694 0.426682 0.57931 0.418105 0.573975
126000 0.382353 0.538756 0.429733 0.580401 0.42706 0.579981
127000 0.40769 0.452008 0.427242 0.575647 0.422771 0.575003
128000 0.403376 0.813404 0.40038 0.569156 0.409212 0.575086
129000 0.590813 0.625731 0.432302 0.580841 0.415699 0.574312
130000 0.625176 0.763698 0.436341 0.591696 0.433786 0.584645
131000 0.284466 0.547894 0.416996 0.579422 0.425573 0.577278
132000 0.179902 0.257305 0.408926 0.576465 0.41716 0.58266
133000 0.338038 0.358 0.411034 0.567657 0.408848 0.570317
134000 0.344472 0.482445 0.410512 0.574442 0.404829 0.566418
135000 0.349646 0.548475 0.417938 0.587822 0.42269 0.590373
136000 0.302885 0.390079 0.400912 0.554878 0.417393 0.564404
137000 0.34741 0.453041 0.415066 0.56911 0.422392 0.573729
138000 0.310826 0.651311 0.41701 0.564105 0.42346 0.571304
139000 0.139351 0.389086 0.423162 0.56844 0.429665 0.577956
140000 0.417581 0.446039 0.410582 0.576271 0.410597 0.576051
141000 0.551226 0.577928 0.413844 0.572997 0.413241 0.576966
142000 0.585624 0.749776 0.42246 0.573512 0.414556 0.565178
143000 0.481505 0.776287 0.417317 0.571884 0.41164 0.571906
144000 0.31828 0.449059 0.414043 0.577236 0.407592 0.567121
145000 0.645704 0.670326 0.424213 0.566569 0.421812 0.577496
146000 0.490059 0.632353 0.389484 0.552745 0.398172 0.558745
147000 0.324631 0.42861 0.425065 0.570365 0.418847 0.567726
148000 0.337459 0.368444 0.420095 0.568981 0.426095 0.576157
149000 0.596937 0.902616 0.415282 0.562615 0.417335 0.560755
150000 0.343564 0.367141 0.404414 0.551613 0.403671 0.552085
151000 0.392701 0.448786 0.401685 0.554834 0.405688 0.560721
152000 0.266343 0.538444 0.410858 0.571784 0.399501 0.563757
153000 0.379318 0.637771 0.416642 0.564595 0.415308 0.566792
154000 0.560273 0.709088 0.421084 0.567317 0.432145 0.575984
155000 0.373588 0.613741 0.422563 0.578219 0.414143 0.568177
156000 0.378202 0.823964 0.395177 0.544713 0.408011 0.563317
157000 0.316398 0.40907 0.412834 0.562425 0.411009 0.560135
158000 0.665319 0.77489 0.436475 0.594184 0.425313 0.585542
159000 0.550606 0.644547 0.438866 0.582481 0.420414 0.570561
160000 0.454946 0.623842 0.430403 0.586895 0.427193 0.580939
161000 0.580507 0.590148 0.388087 0.545648 0.398786 0.554355
162000 0.286515 0.384651 0.405802 0.550683 0.409496 0.564807
163000 0.340385 0.406468 0.423807 0.564489 0.4176 0.562576
164000 0.454729 1.04138 0.415137 0.585023 0.420002 0.579264
165000 0.337573 0.431003 0.409305 0.57567 0.40162 0.560394
166000 0.191 0.396071 0.406088 0.548451 0.403256 0.552521
167000 0.730985 0.78814 0.415636 0.571231 0.408344 0.573057
168000 0.298161 0.432334 0.421306 0.585396 0.416311 0.583002
169000 0.587 0.787293 0.415788 0.567813 0.41924 0.566894
170000 0.421715 0.581004 0.409382 0.560432 0.415339 0.567704
171000 0.304638 0.482512 0.426597 0.56453 0.424774 0.570757
172000 0.257656 0.279723 0.423047 0.573301 0.418538 0.575206
173000 0.15287 0.508161 0.413221 0.569504 0.413358 0.567533
174000 0.605565 0.610698 0.423259 0.570175 0.40645 0.557941
175000 0.593128 0.627825 0.422644 0.570897 0.410957 0.563311
176000 0.646521 0.786357 0.402593 0.562378 0.401028 0.55844
177000 0.219738 0.314842 0.400667 0.551089 0.414173 0.562454
178000 0.390956 0.392882 0.403982 0.563453 0.417421 0.574651
179000 0.540899 0.659533 0.417831 0.577592 0.407759 0.569815
180000 0.707218 0.784792 0.41868 0.57933 0.412672 0.57007
181000 0.5836 0.621152 0.442772 0.592664 0.428346 0.575391
182000 0.725683 0.774392 0.408594 0.56093 0.414514 0.554264
183000 0.677889 0.691777 0.402803 0.55963 0.410926 0.571253
184000 0.306695 0.41478 0.414733 0.566928 0.419476 0.574838
185000 0.890011 1.0246 0.412829 0.56121 0.416473 0.563162
186000 0.715943 0.719353 0.431533 0.590838 0.420074 0.578887
187000 0.224741 0.511828 0.421509 0.57291 0.421271 0.577015
188000 0.276758 0.374524 0.414142 0.562049 0.42176 0.573677
189000 0.387455 0.542835 0.392903 0.542063 0.394819 0.541311
190000 0.489804 0.563231 0.442732 0.582905 0.432457 0.573183
191000 0.110125 0.420292 0.406042 0.566935 0.413586 0.564417
192000 0.305591 0.422934 0.421512 0.572611 0.413816 0.561102
193000 0.495753 0.646073 0.414179 0.564064 0.41758 0.57066
194000 0.398829 0.509155 0.411944 0.570653 0.417011 0.57296
195000 0.387931 0.397474 0.428506 0.574521 0.4228 0.578382
196000 0.504853 0.600124 0.409106 0.572692 0.405348 0.565544
197000 0.219478 0.384604 0.407334 0.566753 0.424756 0.571166
198000 0.17397 0.447356 0.419954 0.567452 0.41846 0.561926
199000 0.182377 0.379203 0.407961 0.5513 0.407086 0.56105
200000 0.20124 0.648358 0.433307 0.583278 0.427939 0.575883
201000 0.412865 0.496055 0.392032 0.560725 0.400783 0.565173
202000 0.366469 0.375985 0.408833 0.554097 0.414982 0.569595
203000 0.458278 0.477973 0.408527 0.558477 0.415963 0.56853
204000 0.487359 0.52698 0.430474 0.569271 0.41375 0.558889
205000 0.450264 0.604214 0.434825 0.573299 0.424005 0.571924
206000 0.338891 0.506419 0.405084 0.576862 0.415375 0.578882
207000 0.41869 0.541016 0.411942 0.567355 0.417748 0.578359
208000 0.280156 0.426453 0.423673 0.579169 0.410831 0.555984
209000 0.357163 0.811865 0.447585 0.594869 0.433919 0.582981
210000 0.444648 0.466721 0.406849 0.55617 0.419997 0.569048
211000 0.429048 0.546257 0.405139 0.547131 0.40158 0.553169
212000 0.676845 0.719025 0.405619 0.556685 0.411728 0.562313
213000 0.409847 0.425323 0.413711 0.576242 0.41925 0.5815
214000 0.706866 0.845865 0.415966 0.55527 0.410574 0.553057
215000 0.422297 0.684506 0.390495 0.545407 0.395779 0.549172
216000 0.488948 0.586992 0.404097 0.553432 0.408044 0.553222
217000 0.15372 0.195628 0.396072 0.557944 0.408065 0.560806
218000 0.355158 0.439507 0.407673 0.560167 0.410854 0.570632
219000 0.338527 0.396345 0.410266 0.555027 0.415615 0.568981
220000 0.212226 0.287292 0.419874 0.576036 0.408106 0.564357
221000 0.550018 0.558473 0.391022 0.558338 0.41117 0.563625
222000 0.340319 0.388146 0.424752 0.587629 0.4158 0.582855
223000 0.699374 0.703671 0.414743 0.559596 0.409006 0.558711
224000 0.328737 0.505959 0.405532 0.576105 0.405623 0.576793
225000 0.50187 0.590038 0.421138 0.551024 0.427191 0.564313
226000 0.42171 0.500717 0.425781 0.567651 0.418483 0.568891
227000 0.647924 0.656655 0.415837 0.566473 0.411613 0.571909
228000 0.458193 0.549659 0.412332 0.558791 0.411895 0.560885
229000 0.387095 0.563572 0.394887 0.546094 0.398865 0.548743
230000 0.268945 0.318737 0.410481 0.561741 0.405736 0.558902
231000 0.414273 0.462118 0.433755 0.56529 0.430176 0.574503
232000 0.468043 0.468543 0.404193 0.567953 0.408511 0.573655
233000 0.356658 0.552832 0.415572 0.58318 0.419345 0.576361
234000 0.305671 0.456363 0.405333 0.55935 0.411271 0.566549
235000 0.183083 0.357663 0.408937 0.573158 0.413476 0.568831
236000 0.342431 0.412885 0.42468 0.5688 0.416795 0.557732
237000 0.219819 0.489517 0.42633 0.578491 0.432239 0.587412
238000 0.16373 0.226529 0.42662 0.56926 0.422741 0.567438
239000 0.331495 0.406158 0.421241 0.585117 0.426667 0.58146
240000 0.422837 0.426428 0.409399 0.561945 0.425986 0.567168
241000 0.260812 0.512421 0.423435 0.581013 0.414159 0.561994
242000 0.275179 0.289957 0.400835 0.559847 0.413523 0.558536
243000 0.575164 0.640525 0.424807 0.579747 0.421717 0.585123
244000 0.18271 0.231323 0.410467 0.577938 0.416206 0.567753
245000 0.486075 0.572327 0.433737 0.570916 0.426462 0.572068
246000 0.680653 0.728066 0.393539 0.557934 0.402315 0.565223
247000 0.490399 0.713483 0.425933 0.581157 0.409683 0.572807
248000 0.302589 0.394047 0.388472 0.538546 0.398316 0.553767
249000 0.446496 0.463804 0.425142 0.554665 0.425101 0.565579
250000 0.447392 0.479005 0.402645 0.556649 0.405577 0.549831
251000 0.521067 0.529627 0.41546 0.573949 0.418884 0.57384
252000 0.273231 0.433376 0.409138 0.566349 0.410621 0.563688
253000 0.516263 0.717524 0.41268 0.572921 0.42568 0.58923
254000 0.450182 0.837345 0.423462 0.599094 0.411985 0.577263
255000 0.557918 0.746095 0.417726 0.568538 0.421023 0.572561
256000 0.68768 0.905486 0.436289 0.591128 0.430636 0.584595
257000 0.113307 0.48627 0.411349 0.571004 0.416604 0.568438
258000 0.559628 0.644938 0.432088 0.575951 0.413733 0.57319
259000 0.805413 0.974508 0.429552 0.56873 0.422967 0.574264
260000 0.317476 0.558196 0.404402 0.553774 0.420107 0.569399
261000 0.633179 0.67524 0.422956 0.58355 0.41509 0.572652
262000 0.396033 1.10084 0.406228 0.565864 0.407434 0.558664
263000 0.317135 0.476055 0.398951 0.552062 0.404619 0.559357
264000 0.689077 0.702635 0.412437 0.548512 0.405822 0.55159
265000 0.551034 0.734582 0.409649 0.570277 0.39988 0.568245
266000 0.385107 0.579216 0.415087 0.568714 0.419294 0.568394
267000 0.353108 0.40777 0.407179 0.553771 0.425066 0.575189
268000 0.489115 0.641824 0.4169 0.558628 0.41225 0.56223
269000 0.375038 0.422517 0.405933 0.569424 0.414431 0.563399
270000 0.207089 0.504578 0.409348 0.547167 0.416132 0.562568
271000 0.363593 0.609177 0.44192 0.57526 0.425293 0.571532
272000 0.48222 0.570977 0.423565 0.571974 0.418641 0.564778
273000 0.295363 0.391261 0.433189 0.593354 0.416746 0.577509
274000 0.117747 0.436086 0.402182 0.543948 0.407203 0.55447
275000 0.264213 0.441726 0.421056 0.567192 0.421452 0.567814
276000 0.823562 0.886882 0.420564 0.569613 0.419709 0.572022
277000 0.966435 1.05322 0.416483 0.55564 0.412322 0.552232
278000 0.19508 0.377647 0.425679 0.573143 0.413949 0.564399
279000 0.620155 0.647791 0.406467 0.546076 0.403577 0.557494
280000 0.292158 0.398763 0.439725 0.577913 0.431993 0.579539
281000 0.596261 0.598856 0.389974 0.55017 0.398799 0.552787
282000 0.687539 0.695366 0.403515 0.541098 0.403745 0.548354
283000 0.390779 0.48924 0.432132 0.588826 0.427968 0.580582
284000 0.297294 0.424563 0.418347 0.563923 0.420526 0.558152
285000 0.223749 0.251511 0.420078 0.57425 0.419277 0.568708
286000 0.574817 0.63432 0.411945 0.556936 0.416722 0.561364
287000 0.593266 0.81089 0.429188 0.577389 0.421392 0.570907
288000 0.158065 0.453589 0.399885 0.56266 0.409912 0.570319
289000 0.454743 0.511341 0.410987 0.547929 0.406342 0.56046
290000 0.240803 0.333005 0.418603 0.552481 0.419643 0.558625
291000 0.376358 0.499447 0.415126 0.575484 0.406371 0.56275
292000 0.67077 0.686182 0.407239 0.544628 0.409252 0.553678
293000 0.571206 0.994958 0.432177 0.582469 0.421457 0.57429
294000 0.57894 1.11314 0.410304 0.564491 0.413 0.563097
295000 0.312558 0.356129 0.418566 0.571184 0.417815 0.565687
296000 0.688192 0.693549 0.424124 0.57439 0.425862 0.576965
297000 0.256519 0.402204 0.42342 0.568523 0.421255 0.565928
298000 0.61041 0.805401 0.429518 0.57663 0.414598 0.554483
299000 0.229798 0.697691 0.402232 0.558013 0.415397 0.563083
300000 0.616947 0.68538 0.41951 0.568916 0.423101 0.575549
301000 0.881931 1.00048 0.421748 0.57198 0.419455 0.566315
302000 0.343757 0.357396 0.426655 0.566076 0.416366 0.560511
303000 0.330889 0.379769 0.428489 0.571564 0.421601 0.574339
304000 0.478714 0.519345 0.423477 0.561835 0.42294 0.566587
305000 0.320402 0.584503 0.389733 0.542132 0.397959 0.563182
306000 0.099923 0.360551 0.40238 0.561915 0.413659 0.565266
307000 0.380389 0.434859 0.421292 0.576801 0.420411 0.567441
308000 0.400207 0.466513 0.423812 0.570826 0.426652 0.581538
309000 0.466771 0.803603 0.4145 0.556321 0.421305 0.56462
310000 0.402178 0.527686 0.432591 0.586717 0.415601 0.565439
311000 0.304895 0.580691 0.416223 0.552347 0.420986 0.566839
312000 0.210624 0.36744 0.420572 0.566844 0.423578 0.577053
313000 0.464918 0.593431 0.402418 0.543195 0.409132 0.553761
314000 0.558256 0.575069 0.423957 0.570618 0.408918 0.558028
315000 0.530872 0.558271 0.413597 0.556238 0.416504 0.557913
316000 0.548758 0.624906 0.432413 0.566335 0.43016 0.576363
317000 0.27792 0.365619 0.435796 0.585564 0.424773 0.573106
318000 0.386053 0.597819 0.430942 0.583137 0.430635 0.590167
319000 0.7079 0.819739 0.422645 0.565394 0.417035 0.565807
320000 0.540522 0.647119 0.454472 0.603125 0.442297 0.588766
321000 0.337606 0.340457 0.433873 0.586442 0.438675 0.587096
322000 0.708855 1.26674 0.412378 0.567129 0.413321 0.566549
323000 0.301315 0.511286 0.428661 0.578481 0.426797 0.578215
324000 0.541364 0.629537 0.434672 0.58001 0.434079 0.583074
325000 0.683571 0.713794 0.435391 0.5906 0.42692 0.5827
326000 0.529453 0.60726 0.426936 0.579551 0.428952 0.58027
327000 0.719065 0.783265 0.427678 0.580193 0.423089 0.573852
328000 0.419636 0.458669 0.444229 0.576624 0.425271 0.565426
329000 0.296148 0.413625 0.434806 0.588968 0.436407 0.589638
330000 0.44796 0.523415 0.431894 0.569822 0.43047 0.574735
331000 0.483652 0.548455 0.433406 0.581893 0.411247 0.560015
332000 0.425878 0.50988 0.419505 0.573155 0.428866 0.584473
333000 0.598609 0.623151 0.422163 0.561533 0.419643 0.565677
334000 0.362689 0.436042 0.431704 0.574024 0.418994 0.56547
335000 0.495154 0.586783 0.420361 0.576346 0.410704 0.559684
336000 0.122171 0.417768 0.425848 0.578802 0.431711 0.585316
337000 0.434625 0.451189 0.405828 0.560055 0.420343 0.574248
338000 0.748151 0.851873 0.400619 0.560005 0.420815 0.573763
339000 0.856151 0.888848 0.401738 0.559793 0.424013 0.579051
340000 0.479852 0.568752 0.406521 0.559879 0.425805 0.575476
341000 0.123315 0.522903 0.426746 0.587528 0.425176 0.587706
342000 0.192279 0.302672 0.397204 0.537458 0.409116 0.55248
343000 0.295444 0.519899 0.469064 0.615508 0.442046 0.590941
344000 0.368922 0.873447 0.426833 0.589111 0.43588 0.588936
345000 0.322615 0.660355 0.429859 0.582983 0.430985 0.579446
346000 0.263754 0.272134 0.42443 0.569143 0.424518 0.572063
347000 0.601798 0.60788 0.423352 0.56888 0.433464 0.581047
348000 0.408008 0.490292 0.439069 0.578978 0.43377 0.58233
349000 0.567586 0.695256 0.440719 0.595098 0.411909 0.564516
350000 0.83508 0.980551 0.426834 0.572793 0.429137 0.578373
351000 0.270254 0.453755 0.42594 0.569777 0.434739 0.579938
352000 0.55355 0.637185 0.422909 0.57752 0.420069 0.574156
353000 0.421941 0.628602 0.413947 0.562415 0.427972 0.579228
354000 0.809747 0.827232 0.433604 0.581439 0.424193 0.583565
355000 0.217052 0.381298 0.417617 0.569558 0.438311 0.589686
356000 0.162599 0.238807 0.411684 0.55988 0.419081 0.574465
357000 0.15883 0.319063 0.409463 0.548126 0.416795 0.556238
358000 0.486862 0.609528 0.407369 0.538325 0.418972 0.551014
359000 0.123232 0.271634 0.415796 0.554583 0.418087 0.564986
360000 0.488613 0.661387 0.434435 0.586616 0.441632 0.594865
361000 0.305597 0.388715 0.430101 0.577724 0.426854 0.572975
362000 0.303087 0.562443 0.434455 0.575871 0.430351 0.576454
363000 0.323823 0.470796 0.4359 0.584299 0.423122 0.576179
364000 0.316284 0.449215 0.419313 0.572354 0.4309 0.582823
365000 0.255068 0.271022 0.436806 0.585383 0.433854 0.578413
366000 0.341104 0.60045 0.4317 0.589095 0.418239 0.571522
367000 0.523619 0.570553 0.427166 0.572321 0.423515 0.573016
368000 0.235603 0.252328 0.406908 0.541753 0.426689 0.565748
369000 0.297293 0.551816 0.409383 0.573154 0.41789 0.576112
370000 0.93309 0.952152 0.428095 0.579933 0.420805 0.563503
371000 0.238126 0.292378 0.437228 0.577216 0.431543 0.572494
372000 0.659925 0.904864 0.438516 0.590801 0.435585 0.594426
373000 0.738051 0.765454 0.415028 0.577318 0.415894 0.571433
374000 0.437366 0.639689 0.424546 0.581347 0.427754 0.580132
375000 0.319579 0.335136 0.392057 0.548099 0.411807 0.563393
376000 0.237318 0.397254 0.412772 0.556458 0.424964 0.567885
377000 0.153629 0.399089 0.440478 0.583361 0.434677 0.586229
378000 0.559417 0.561433 0.43104 0.5792 0.42957 0.582446
379000 0.519301 0.612107 0.406044 0.569692 0.418648 0.575655
380000 0.293757 0.503074 0.417576 0.571896 0.414613 0.570699
381000 0.143093 0.213966 0.419777 0.577089 0.415582 0.573649
382000 0.0525216 0.442182 0.4375 0.59342 0.435109 0.586827
383000 0.723165 0.747837 0.416124 0.569632 0.422366 0.566436
384000 0.210968 0.251637 0.444759 0.59037 0.431405 0.586932
385000 0.248294 0.29568 0.435857 0.572827 0.420703 0.563118
386000 0.400405 0.52695 0.411506 0.574407 0.411833 0.564121
387000 0.56556 0.623805 0.432208 0.595855 0.419049 0.575645
388000 0.513183 0.534955 0.429655 0.576687 0.430405 0.588215
389000 0.515306 0.53018 0.396661 0.561039 0.417969 0.574773
390000 0.298997 0.54873 0.43172 0.58372 0.428178 0.576441
391000 0.45962 0.53264 0.469522 0.59339 0.449521 0.586559
392000 0.185823 0.527374 0.415578 0.581827 0.419426 0.570938
393000 0.568239 0.719253 0.429787 0.586566 0.413642 0.571014
394000 0.389361 0.436812 0.408259 0.547235 0.420337 0.560574
395000 0.318126 0.351215 0.415965 0.575181 0.427628 0.58116
396000 0.674303 0.690812 0.449225 0.592367 0.436734 0.581876
397000 0.733074 0.795105 0.437682 0.575894 0.436115 0.574621
398000 0.671939 0.752676 0.425011 0.582453 0.423847 0.573705
399000 0.432073 0.694228 0.404873 0.564036 0.416791 0.574649
400000 0.531837 0.568234 0.402182 0.561275 0.404372 0.565294
401000 0.327054 0.492052 0.399526 0.566828 0.401657 0.568105
402000 0.531894 0.68047 0.437909 0.608711 0.430972 0.602641
403000 0.327132 0.714393 0.4215 0.580257 0.424435 0.576903
404000 0.59309 0.7915 0.435655 0.580806 0.443567 0.588259
405000 0.498139 0.544206 0.419002 0.564265 0.412099 0.563479
406000 0.412407 0.490809 0.441268 0.583732 0.432942 0.582092
407000 0.0394645 0.423812 0.402269 0.559365 0.419556 0.56912
408000 0.378685 0.391017 0.443059 0.592588 0.437165 0.586797
409000 0.377218 0.414059 0.420525 0.574881 0.417982 0.572896
410000 0.572007 0.649271 0.410486 0.554893 0.41191 0.56345
411000 0.435732 0.562907 0.439831 0.587409 0.443933 0.586894
412000 0.507992 0.516535 0.431397 0.57319 0.436341 0.584602
413000 0.295347 0.394992 0.42195 0.558494 0.417732 0.569638
414000 0.696425 0.776518 0.422392 0.580593 0.419169 0.564273
415000 0.617 0.7339 0.435087 0.581982 0.426587 0.580698
416000 0.157177 0.326871 0.417221 0.558457 0.419639 0.569915
417000 0.34227 0.436073 0.433324 0.588926 0.427513 0.583818
418000 0.429235 0.66457 0.447334 0.5991 0.432662 0.576544
419000 0.646771 0.668244 0.45071 0.590678 0.437894 0.581414
420000 0.570269 0.722531 0.428424 0.582595 0.438667 0.59112
421000 0.423096 0.46695 0.421285 0.577977 0.421905 0.57078
422000 0.551073 0.616164 0.399865 0.560652 0.413404 0.562696
423000 0.432745 0.841047 0.444174 0.602926 0.432628 0.583905
424000 0.218623 0.632101 0.411587 0.575559 0.412737 0.562699
425000 0.278456 0.379014 0.430561 0.580083 0.418822 0.571531
426000 0.62265 0.726999 0.428026 0.589315 0.427812 0.583917
427000 0.186876 0.339649 0.415938 0.570395 0.413385 0.562991
428000 0.511125 0.591845 0.418358 0.57611 0.41885 0.570172
429000 0.0731813 0.321574 0.415002 0.56658 0.426168 0.581274
430000 0.444406 0.58434 0.420238 0.585308 0.42191 0.586288
431000 0.653108 0.760386 0.414639 0.573246 0.419704 0.573658
432000 0.402466 0.662674 0.407788 0.564014 0.413141 0.560298
433000 0.496323 0.515768 0.425014 0.558856 0.42487 0.571974
434000 0.208868 0.471298 0.425465 0.592379 0.418951 0.578795
435000 0.415363 0.559321 0.416238 0.557949 0.424853 0.571213
436000 0.298098 0.552537 0.425154 0.573115 0.420315 0.566062
437000 0.353627 0.36645 0.408822 0.561728 0.407894 0.56098
438000 0.165695 0.552836 0.416893 0.554874 0.427669 0.567678
439000 0.623721 0.769188 0.423994 0.581646 0.431901 0.584026
440000 0.265209 0.372049 0.423674 0.576252 0.422931 0.575939
441000 0.454155 0.63985 0.411918 0.567722 0.421079 0.572137
442000 1.0333 1.10542 0.436378 0.585007 0.430785 0.575773
443000 0.775133 0.970185 0.416791 0.577685 0.42413 0.575742
444000 0.314125 0.3382 0.455982 0.601455 0.438133 0.589369
445000 0.707134 0.733684 0.444501 0.589453 0.44324 0.586841
446000 0.27404 0.442794 0.40887 0.579582 0.423223 0.574041
447000 0.275571 0.291813 0.409833 0.5677 0.424586 0.583728
448000 0.295876 0.379977 0.410505 0.553513 0.424806 0.574105
449000 0.265931 0.444144 0.420347 0.57483 0.433495 0.580499
450000 0.227025 0.316325 0.442691 0.584738 0.431303 0.575946
451000 0.542964 0.657139 0.421604 0.580026 0.425838 0.58786
452000 0.560225 0.618406 0.444013 0.597181 0.427507 0.578548
453000 0.644543 0.877326 0.45286 0.593578 0.43218 0.580021
454000 0.370595 0.703129 0.41835 0.574064 0.417145 0.578009
455000 0.577388 0.848404 0.418607 0.583199 0.419217 0.577006
456000 0.60615 0.787365 0.414817 0.557865 0.414728 0.561682
457000 0.434246 0.759896 0.426943 0.573038 0.414303 0.569468
458000 0.249746 0.390339 0.440088 0.575581 0.426479 0.570855
459000 0.410779 0.416911 0.426627 0.575085 0.432851 0.587325
460000 0.313926 0.391729 0.407387 0.569135 0.416819 0.574317
461000 0.338714 0.365018 0.429229 0.575672 0.428404 0.575655
462000 0.527664 0.591403 0.410315 0.558239 0.430072 0.585653
463000 0.578408 0.90264 0.464366 0.605599 0.447029 0.589585
464000 0.416339 0.567559 0.43479 0.586646 0.431153 0.579224
465000 0.498534 0.561028 0.43894 0.587989 0.430439 0.578596
466000 0.28081 0.417842 0.41264 0.566319 0.424103 0.573749
467000 0.258579 0.341414 0.421424 0.564822 0.423828 0.56777
468000 0.211321 0.494764 0.415116 0.589474 0.426967 0.594999
469000 0.20405 0.250993 0.43165 0.590043 0.438407 0.601349
470000 0.0830154 0.335487 0.432358 0.578336 0.43124 0.566985
471000 0.439245 0.554259 0.416166 0.551304 0.419548 0.56415
472000 0.636738 0.681006 0.449766 0.593503 0.450219 0.596839
473000 0.230828 0.555832 0.419525 0.573178 0.431602 0.586782
474000 0.25171 0.44414 0.413222 0.562944 0.416657 0.563914
475000 0.282435 0.414438 0.423835 0.560851 0.427294 0.572853
476000 0.175125 0.601415 0.424729 0.576837 0.421571 0.568255
477000 0.277815 0.437111 0.438761 0.588005 0.42801 0.5749
478000 0.523555 0.955264 0.441101 0.586113 0.436487 0.585922
479000 0.525892 0.616473 0.438529 0.587018 0.417585 0.571755
480000 0.598508 0.733428 0.411024 0.573664 0.415412 0.569925
481000 0.739827 1.27157 0.430766 0.593051 0.432629 0.587107
482000 0.210045 0.423454 0.422824 0.574781 0.417104 0.571148
483000 0.633406 0.670512 0.419935 0.562042 0.416508 0.564443
484000 0.232096 0.347447 0.411691 0.552953 0.42256 0.566869
485000 0.141935 0.521737 0.426991 0.563791 0.429384 0.579933
486000 0.280219 0.472357 0.414684 0.561634 0.42266 0.569023
487000 0.429883 0.532263 0.414803 0.571044 0.431717 0.582361
488000 0.783985 0.803622 0.43894 0.568722 0.43883 0.580591
489000 0.574028 0.735894 0.462503 0.606928 0.447691 0.592264
490000 0.274795 0.501866 0.432062 0.575298 0.423843 0.566902
491000 0.159861 0.329997 0.447429 0.594432 0.433925 0.581972
492000 0.484526 0.600102 0.402185 0.556262 0.413566 0.570855
493000 0.367232 0.526468 0.414181 0.554895 0.421088 0.562204
494000 0.35306 0.548349 0.436898 0.580462 0.427914 0.576623
495000 0.528229 0.58617 0.421677 0.573659 0.427496 0.578699
496000 0.466965 0.620791 0.437817 0.588115 0.450198 0.603785
497000 0.343072 0.349158 0.431578 0.576882 0.439876 0.593951
498000 0.261577 0.372163 0.426936 0.587996 0.435545 0.583841
499000 0.232935 0.39823 0.433171 0.581287 0.431365 0.581864
500000 0.447689 0.883618 0.415624 0.577859 0.41945 0.582604
501000 0.656074 0.860695 0.44316 0.613656 0.437968 0.603394
502000 0.248234 0.39977 0.42938 0.574111 0.443765 0.587925
503000 0.385823 0.700634 0.409041 0.569316 0.414355 0.564661
504000 0.757263 0.907723 0.450362 0.610251 0.447613 0.59952
505000 0.911146 1.02192 0.441695 0.599168 0.431856 0.581213
506000 0.702917 0.755018 0.424621 0.590334 0.419886 0.576524
507000 0.392455 0.431828 0.428338 0.573167 0.440568 0.59134
508000 0.449195 0.466914 0.421694 0.56924 0.427363 0.569179
509000 0.263207 0.299444 0.406331 0.558593 0.406274 0.558971
510000 0.721007 1.00283 0.438098 0.5979 0.438394 0.59814
511000 0.389881 0.600213 0.403083 0.570017 0.410013 0.5679
512000 0.300085 0.343522 0.431343 0.580099 0.428215 0.581258
513000 0.233771 0.463608 0.43491 0.592206 0.434934 0.591188
514000 0.570642 0.572929 0.427135 0.555747 0.428818 0.568139
515000 0.17733 0.252505 0.419856 0.563746 0.416392 0.568573
516000 0.342388 0.414267 0.412666 0.566804 0.422 0.575144
517000 0.264892 0.459193 0.434503 0.578667 0.435798 0.587675
518000 0.182282 0.346262 0.44352 0.601962 0.432061 0.588651
519000 0.610324 0.866266 0.421554 0.573289 0.421958 0.577035
520000 0.0693165 0.238058 0.426865 0.577887 0.422637 0.578762
521000 0.705369 0.765802 0.439774 0.594207 0.435686 0.589011
522000 0.724971 0.769154 0.421759 0.578873 0.418048 0.566994
523000 0.502089 0.856395 0.429802 0.574286 0.446025 0.588675
524000 0.54345 0.546309 0.442935 0.586396 0.426209 0.576727
525000 0.407404 0.541095 0.43748 0.585867 0.444115 0.59868
526000 0.368207 0.556951 0.446813 0.600351 0.42652 0.588205
527000 0.478529 0.745833 0.406081 0.563157 0.418853 0.57573
528000 0.411861 0.454052 0.4481 0.597433 0.435629 0.587412
529000 0.506787 0.576856 0.426576 0.573411 0.420189 0.57056
530000 0.642655 0.76516 0.429432 0.573727 0.430091 0.580982
531000 0.278735 0.362333 0.449102 0.590603 0.433675 0.578014
532000 0.749249 0.839306 0.42292 0.568315 0.426266 0.571842
533000 0.551288 0.570502 0.412504 0.575693 0.425156 0.57775
534000 0.679935 0.947515 0.451255 0.604164 0.444264 0.589938
535000 0.397229 0.546353 0.453451 0.600127 0.435774 0.594353
536000 0.119784 0.431891 0.427212 0.582273 0.417187 0.56722
537000 0.584531 0.680216 0.431333 0.564035 0.427466 0.56886
538000 0.215185 0.31908 0.437628 0.590741 0.429182 0.586199
539000 0.534132 0.560953 0.412734 0.568176 0.418603 0.569987
540000 0.0894456 0.356004 0.47093 0.622347 0.44605 0.595418
541000 0.918298 1.01848 0.455471 0.587399 0.443748 0.586058
542000 0.435584 0.486663 0.429982 0.576398 0.422461 0.567169
543000 0.659964 0.737008 0.439579 0.583434 0.441849 0.584393
544000 0.688967 0.726416 0.449099 0.622302 0.435161 0.605321
545000 0.260806 0.369974 0.428607 0.601079 0.420988 0.58524
546000 0.617031 0.720806 0.404416 0.557458 0.400257 0.550029
547000 0.245536 0.34582 0.433464 0.581095 0.430785 0.579531
548000 0.770305 1.19446 0.416912 0.577971 0.425591 0.578286
549000 0.157137 0.688213 0.452663 0.607722 0.435844 0.592562
550000 0.178969 0.486154 0.420029 0.575243 0.430599 0.588997
551000 0.493465 0.515731 0.428664 0.570126 0.429928 0.580557
552000 0.435724 0.441113 0.435164 0.594403 0.436065 0.597535
553000 0.421086 0.663813 0.414665 0.569221 0.422915 0.578521
554000 0.420047 0.462805 0.441087 0.587098 0.42766 0.569921
555000 0.398234 0.419853 0.412046 0.554844 0.416461 0.559241
556000 0.941074 0.983405 0.444855 0.594697 0.439374 0.586245
557000 0.419525 0.49302 0.411627 0.572966 0.424915 0.581195
558000 0.476013 0.49196 0.42887 0.576864 0.427701 0.582843
559000 0.211541 0.270933 0.418676 0.56585 0.430834 0.57429
560000 0.662465 0.712746 0.4378 0.60966 0.435244 0.592575
561000 0.553546 0.645273 0.416275 0.558391 0.422776 0.565067
562000 0.242327 0.283386 0.431841 0.570623 0.428786 0.580719
563000 0.112346 0.271316 0.436149 0.592303 0.441973 0.595006
564000 0.261755 0.475382 0.407535 0.550071 0.41775 0.568802
565000 0.453216 0.708466 0.402575 0.541653 0.420081 0.571076
566000 0.744838 0.847177 0.448377 0.586441 0.432986 0.583198
567000 0.345328 0.709573 0.409434 0.559573 0.409563 0.561677
568000 0.915537 1.5327 0.442051 0.595682 0.439023 0.587698
569000 0.484954 0.763419 0.40712 0.568269 0.425341 0.577828
570000 0.297805 0.367668 0.433658 0.579221 0.431693 0.581179
571000 0.491084 0.536389 0.432569 0.579811 0.433243 0.586568
572000 0.44732 0.477611 0.415527 0.558061 0.413951 0.56369
573000 0.542456 0.561328 0.424603 0.571804 0.418456 0.565615
574000 0.544049 0.636243 0.436474 0.592809 0.418767 0.565488
575000 0.324074 0.337377 0.434796 0.593717 0.440181 0.58971
576000 0.10691 0.263944 0.428405 0.586532 0.431758 0.584989
577000 0.297688 0.395465 0.435895 0.577335 0.432267 0.575419
578000 0.244899 0.488629 0.452941 0.598108 0.450022 0.59661
579000 0.664736 0.706875 0.425371 0.578891 0.428442 0.581107
580000 0.415106 0.493511 0.431971 0.581431 0.43898 0.582899
581000 0.932967 1.04457 0.413396 0.559488 0.409678 0.566626
582000 0.555944 0.673415 0.424367 0.577521 0.435575 0.589982
583000 0.326281 0.459033 0.425987 0.577011 0.433943 0.582468
584000 0.321883 0.694397 0.440728 0.59317 0.436297 0.585429
585000 0.376107 0.618393 0.43658 0.586912 0.441042 0.585186
586000 0.496928 0.606322 0.421069 0.562894 0.434736 0.571841
587000 0.187196 0.338512 0.431314 0.591316 0.435502 0.59594
588000 0.683593 0.731317 0.433128 0.577574 0.429533 0.577908
589000 0.444166 0.675416 0.438126 0.585987 0.441754 0.595125
590000 0.823041 0.826653 0.439394 0.579048 0.418994 0.563345
591000 0.349987 0.351666 0.432167 0.586797 0.446962 0.599711
592000 0.360965 0.461202 0.42987 0.567275 0.436687 0.579783
593000 0.356356 0.601358 0.418457 0.566733 0.42983 0.584118
594000 0.919241 1.16023 0.427491 0.585016 0.416797 0.575867
595000 0.542512 0.696751 0.427678 0.573259 0.43547 0.578969
596000 0.578301 0.638455 0.443018 0.590834 0.446866 0.594185
597000 0.474186 0.596453 0.426587 0.572984 0.424013 0.578883
598000 0.629933 0.67161 0.406772 0.548801 0.414248 0.576824
599000 0.642136 0.659737 0.456434 0.5998 0.448032 0.588043
600000 0.646696 0.891225 0.407986 0.554427 0.418503 0.56411
601000 0.646969 0.658722 0.421339 0.578782 0.441977 0.586598
602000 0.467035 0.473687 0.424556 0.584553 0.425587 0.577236
603000 0.385402 0.57583 0.434563 0.594537 0.434277 0.595087
604000 0.788992 0.813277 0.412528 0.573776 0.413116 0.577807
605000 0.477059 0.544433 0.409277 0.556217 0.423441 0.567023
606000 0.453258 0.507533 0.431906 0.578144 0.430782 0.574963
607000 0.202371 0.377952 0.434372 0.589662 0.431224 0.583283
608000 0.792532 0.915291 0.419261 0.573741 0.429738 0.585057
609000 0.263822 0.512636 0.435837 0.583451 0.429441 0.574304
610000 0.394909 0.450637 0.425912 0.589059 0.421214 0.580675
611000 0.983472 0.987302 0.432139 0.580651 0.425161 0.57829
612000 0.25624 0.774146 0.417966 0.570038 0.415893 0.56648
613000 0.462578 0.557094 0.442853 0.588453 0.444635 0.59331
614000 0.360278 0.408173 0.428158 0.578929 0.423945 0.577648
615000 0.396795 0.490002 0.430784 0.599924 0.431515 0.588919
616000 0.660556 0.850887 0.440254 0.579185 0.424374 0.570451
617000 0.190383 0.564207 0.420752 0.588588 0.432472 0.593455
618000 0.679641 0.81492 0.442876 0.575694 0.439936 0.58178
619000 0.410771 0.594699 0.434762 0.605296 0.447617 0.592294
620000 0.478586 0.672971 0.421203 0.572285 0.431381 0.570325
621000 1.00029 1.05984 0.390936 0.547563 0.395606 0.559919
622000 0.395068 0.458469 0.447432 0.597903 0.444716 0.594187
623000 0.389245 0.479207 0.448265 0.584144 0.425387 0.564506
624000 0.294716 0.77992 0.432711 0.591226 0.421806 0.569799
625000 0.877524 0.957554 0.4427 0.576281 0.44965 0.590717
626000 0.946021 1.04297 0.432133 0.577506 0.421936 0.573531
627000 0.528469 0.592751 0.441486 0.595115 0.433366 0.579612
628000 0.509312 0.524067 0.425007 0.577365 0.424399 0.583512
629000 0.213479 0.536069 0.413595 0.583603 0.414955 0.574642
630000 0.60581 0.876179 0.441633 0.588695 0.425482 0.579066
631000 0.559741 0.621446 0.435715 0.586693 0.426027 0.576261
632000 0.50302 0.520638 0.427078 0.588066 0.432933 0.584629
633000 0.215451 0.45525 0.438597 0.599741 0.430122 0.58689
634000 0.889434 0.899173 0.454685 0.608916 0.436887 0.595963
635000 0.873503 0.908275 0.450539 0.610999 0.45545 0.614384
636000 0.337719 0.411454 0.435263 0.589752 0.443051 0.597036
637000 0.352399 0.415397 0.413328 0.554052 0.41409 0.55835
638000 0.755851 0.763923 0.43626 0.582497 0.42686 0.587237
639000 0.510403 0.585168 0.443549 0.589858 0.444187 0.587633
640000 0.226135 0.413727 0.435858 0.578638 0.433924 0.587327
641000 0.567029 0.693896 0.450017 0.603075 0.43037 0.592721
642000 0.439373 0.485183 0.459309 0.630598 0.446661 0.608731
643000 0.275843 0.435856 0.419982 0.569771 0.425013 0.58745
644000 0.262486 0.347961 0.445933 0.589177 0.442142 0.597881
645000 0.400505 0.584149 0.420284 0.594203 0.441254 0.598633
646000 0.455975 0.813969 0.455775 0.603781 0.453548 0.59442
647000 0.595917 0.83414 0.442941 0.585357 0.422331 0.568569
648000 0.479269 0.493761 0.424537 0.580924 0.431791 0.591948
649000 0.21331 0.395087 0.445226 0.599092 0.455461 0.608868
650000 0.346801 0.369052 0.418755 0.582969 0.415933 0.56616
651000 0.353552 0.504363 0.435112 0.597146 0.43243 0.598657
652000 0.297498 0.532345 0.442996 0.577713 0.440065 0.586291
653000 0.231629 0.316993 0.449907 0.588349 0.44273 0.593274
654000 0.300889 0.457815 0.433208 0.582594 0.431175 0.586419
655000 1.05865 1.37184 0.437008 0.596638 0.437441 0.588528
656000 1.01681 1.16248 0.415887 0.576154 0.417949 0.570228
657000 0.4861 0.507341 0.444597 0.583296 0.44121 0.58792
658000 0.388491 0.507947 0.422262 0.567808 0.414921 0.56989
659000 0.26339 0.432709 0.431357 0.583045 0.433572 0.583293
660000 0.217728 0.30303 0.428204 0.587226 0.435959 0.592189
661000 0.521151 0.878817 0.446209 0.602561 0.435103 0.582009
662000 0.27437 0.733324 0.436788 0.608773 0.425812 0.593646
663000 0.473904 0.514807 0.448123 0.595656 0.427885 0.57508
664000 0.445233 0.4739 0.429497 0.576141 0.425312 0.57622
665000 0.597077 0.827417 0.435524 0.586352 0.438939 0.59763
666000 0.250331 0.37314 0.42384 0.564729 0.422782 0.574284
667000 0.264701 0.555229 0.430708 0.580625 0.436838 0.588561
668000 0.838686 0.888104 0.442866 0.59751 0.443251 0.59521
669000 0.450399 0.462179 0.423478 0.578678 0.423483 0.576693
670000 0.596589 0.633674 0.420453 0.591886 0.423971 0.580257
671000 0.399206 0.519787 0.450875 0.597253 0.452985 0.597575
672000 0.274795 0.898793 0.411844 0.570056 0.427869 0.570958
673000 0.590543 0.639814 0.449672 0.584539 0.425788 0.57208
674000 0.409619 0.489351 0.439214 0.592527 0.432064 0.583354
675000 0.484917 0.563243 0.42302 0.581174 0.437961 0.585842
676000 0.408703 0.430989 0.419821 0.56478 0.421493 0.565015
677000 0.667483 0.779635 0.438965 0.584376 0.438344 0.58969
678000 0.526691 0.56781 0.458009 0.613489 0.450748 0.611699
679000 0.96632 1.04489 0.427828 0.59355 0.425898 0.586317
680000 0.828913 0.905484 0.438638 0.60358 0.430791 0.58879
681000 0.443042 0.507782 0.408317 0.555863 0.415822 0.572034
682000 0.582196 0.82423 0.445123 0.612617 0.450811 0.602657
683000 0.119574 0.770409 0.440099 0.595542 0.443839 0.59831
684000 0.228032 0.415941 0.433994 0.587611 0.442174 0.587267
685000 0.333366 0.399188 0.450492 0.596498 0.446545 0.593745
686000 0.472624 0.831996 0.423601 0.587257 0.429216 0.58156
687000 0.771433 0.846917 0.457344 0.606381 0.447365 0.592563
688000 0.300918 0.310293 0.422837 0.572412 0.423834 0.578095
689000 0.268978 0.402093 0.439417 0.588628 0.434395 0.587276
690000 0.716686 0.900083 0.425849 0.587708 0.442461 0.595454
691000 0.425728 0.491263 0.444606 0.599581 0.444234 0.59405
692000 0.290891 0.311046 0.41368 0.572782 0.423314 0.581329
693000 0.625386 1.19187 0.436693 0.595205 0.42729 0.572282
694000 0.509288 0.828475 0.429701 0.585716 0.431525 0.582169
695000 0.299506 0.445736 0.42879 0.583232 0.420224 0.57634
696000 0.248626 0.41933 0.445845 0.595876 0.43873 0.580528
697000 0.443027 0.474302 0.429199 0.587506 0.428837 0.585457
698000 0.508356 0.632662 0.448273 0.605146 0.443043 0.588671
699000 0.490406 0.822408 0.413832 0.570094 0.424726 0.585178
700000 0.164059 0.476265 0.435844 0.58142 0.443525 0.58952
701000 0.559303 0.582244 0.438205 0.579505 0.432782 0.587604
702000 0.556936 0.666699 0.463476 0.620937 0.464366 0.624667
703000 0.622258 0.697284 0.43724 0.598884 0.439451 0.594009
704000 0.568127 0.721071 0.446491 0.592067 0.444816 0.596769
705000 0.413406 0.483873 0.432432 0.585192 0.43399 0.577891
706000 0.496123 0.927581 0.428531 0.591349 0.429956 0.583861
707000 0.233277 0.283754 0.423477 0.573706 0.44365 0.58864
708000 0.514585 0.584344 0.407111 0.564772 0.424135 0.575217
709000 0.751091 0.757032 0.426729 0.577047 0.415548 0.56624
710000 0.815119 1.08378 0.430946 0.585893 0.414041 0.568173
711000 0.328602 0.329727 0.43668 0.596184 0.450255 0.600496
712000 0.13712 0.283347 0.446382 0.59983 0.441176 0.600024
713000 0.475244 0.571131 0.446172 0.59633 0.441174 0.593878
714000 0.513908 1.28164 0.445363 0.620817 0.430302 0.590362
715000 0.731522 0.853259 0.405113 0.561645 0.415313 0.570206
716000 0.717791 0.81231 0.443697 0.583929 0.45053 0.589506
717000 0.174067 0.443661 0.431369 0.606828 0.431383 0.593242
718000 0.300402 0.470663 0.440416 0.607877 0.440541 0.599361
719000 0.278843 0.546896 0.440803 0.597494 0.435792 0.583406
720000 0.248339 0.379284 0.455442 0.603722 0.45913 0.604465
721000 0.524128 0.529274 0.416137 0.564205 0.427465 0.580923
722000 0.222265 0.37922 0.45572 0.591185 0.445101 0.59329
723000 0.221435 0.394276 0.411971 0.550831 0.416768 0.565604
724000 0.584566 0.609576 0.425533 0.566006 0.425798 0.573187
725000 0.383006 0.417667 0.422143 0.561284 0.439501 0.584908
726000 0.251569 0.425174 0.425302 0.563232 0.425941 0.573903
727000 0.508042 0.515471 0.442005 0.584833 0.432833 0.575122
728000 0.619703 0.717804 0.451153 0.600164 0.450481 0.595932
729000 0.659641 0.701241 0.429372 0.583802 0.429398 0.582989
730000 0.387482 0.584084 0.429846 0.5791 0.41923 0.578397
731000 0.434747 0.557156 0.45796 0.620828 0.439657 0.598619
732000 0.453223 0.67752 0.440587 0.594062 0.427374 0.589874
733000 0.266574 0.320871 0.440011 0.593325 0.441365 0.589631
734000 0.558771 0.593308 0.454189 0.603665 0.448545 0.595865
735000 0.628636 0.637382 0.426328 0.580018 0.427065 0.588687
736000 0.517623 0.561663 0.462048 0.613771 0.446042 0.59846
737000 0.733836 0.752278 0.407667 0.56708 0.411386 0.564231
738000 0.210909 0.313238 0.416914 0.573484 0.422279 0.571138
739000 0.578851 0.803127 0.442121 0.589133 0.42859 0.587608
740000 0.532557 0.554626 0.451633 0.593013 0.45394 0.593312
741000 0.640488 0.645565 0.455605 0.620382 0.435762 0.595373
742000 0.139008 0.467853 0.4607 0.601059 0.451199 0.592772
743000 0.340229 0.613162 0.42578 0.572996 0.42057 0.574228
744000 0.641497 0.749645 0.429319 0.575333 0.41722 0.563796
745000 0.40685 0.461561 0.453953 0.615104 0.442028 0.600483
746000 0.366454 0.461049 0.434303 0.594759 0.444582 0.601801
747000 0.661232 0.662568 0.444892 0.576482 0.424907 0.576208
748000 0.323683 0.359707 0.451546 0.598017 0.433817 0.582188
749000 0.224568 0.462448 0.439119 0.596921 0.435918 0.599245
750000 0.345571 0.429799 0.442782 0.595512 0.441543 0.586274
751000 0.201811 0.331048 0.405699 0.567786 0.417948 0.576068
752000 0.189418 0.476214 0.42111 0.590444 0.440415 0.594002
753000 0.621896 0.732654 0.460348 0.61061 0.455079 0.60025
754000 0.492712 0.614429 0.435041 0.577296 0.447324 0.589532
755000 0.339337 0.570238 0.440485 0.582994 0.440028 0.582827
756000 0.255808 0.510483 0.456379 0.600701 0.430561 0.585821
757000 0.549056 0.669262 0.432284 0.581175 0.429281 0.57256
758000 0.465815 1.219 0.414955 0.559542 0.43168 0.569466
759000 0.522347 0.533018 0.452505 0.608187 0.445288 0.600364
760000 0.373777 0.430645 0.444321 0.594015 0.446898 0.600176
761000 0.590631 0.618139 0.440387 0.598839 0.4357 0.590988
762000 0.354705 0.40427 0.448078 0.592071 0.428866 0.581099
763000 0.935525 0.946812 0.449722 0.605717 0.425223 0.577478
764000 0.788658 0.904082 0.435767 0.600832 0.424543 0.580459
765000 1.14583 1.50281 0.405442 0.577986 0.435396 0.590809
766000 0.362509 0.376988 0.464306 0.616101 0.453371 0.614631
767000 0.755975 0.858072 0.431896 0.578836 0.428257 0.581459
768000 0.425751 1.0321 0.460298 0.605497 0.450723 0.604395
769000 0.139489 0.377958 0.439929 0.598588 0.442632 0.5918
770000 0.538664 0.608389 0.419003 0.573929 0.425001 0.579328
771000 0.395122 0.451997 0.434467 0.580355 0.443361 0.584534
772000 0.344651 0.448276 0.43972 0.585362 0.441627 0.579678
773000 0.557049 0.699158 0.408321 0.561979 0.423633 0.579822
774000 0.519239 0.563693 0.432165 0.58916 0.429043 0.577737
775000 0.917141 1.06336 0.449133 0.593178 0.441768 0.59373
776000 0.370731 0.456246 0.435936 0.572523 0.429199 0.578328
777000 0.380666 0.416361 0.427691 0.595382 0.434014 0.593336
778000 0.323069 0.503376 0.456919 0.608528 0.45615 0.606095
779000 0.303586 0.305656 0.430226 0.577539 0.431823 0.587312
780000 0.494351 0.765672 0.446176 0.581735 0.440966 0.584526
781000 0.7184 0.91353 0.423822 0.5856 0.427689 0.589209
782000 0.571984 0.664067 0.437531 0.599335 0.431612 0.585432
783000 0.101568 0.209706 0.426504 0.556829 0.429599 0.568536
784000 0.486174 0.54509 0.420741 0.567816 0.423588 0.569901
785000 0.281009 0.408927 0.435061 0.580595 0.437 0.583566
786000 0.169283 0.464236 0.429456 0.579805 0.443596 0.600619
787000 0.260901 0.297474 0.454374 0.595324 0.436157 0.583631
788000 0.230334 0.263054 0.428704 0.578303 0.43273 0.585848
789000 0.331788 0.596023 0.458515 0.615278 0.449993 0.595026
790000 0.439856 0.522941 0.445711 0.592607 0.42918 0.581109
791000 0.175553 0.543436 0.434489 0.593823 0.435483 0.5796
792000 0.139495 0.331293 0.432109 0.580746 0.43297 0.583456
793000 0.742145 0.92572 0.439094 0.594533 0.442299 0.598071
794000 0.252599 0.323517 0.447573 0.590263 0.433758 0.579426
795000 0.144601 0.378097 0.415301 0.567095 0.436083 0.588167
796000 0.783491 0.803482 0.453694 0.588441 0.440782 0.585213
797000 0.693586 0.710375 0.419421 0.598305 0.421548 0.585942
798000 0.44941 0.536921 0.425645 0.568855 0.43926 0.586162
799000 0.254207 0.573717 0.42148 0.581047 0.430233 0.586382
800000 0.603212 0.713923 0.431571 0.589324 0.439512 0.588058
801000 0.86708 1.06481 0.452093 0.598474 0.43496 0.582159
802000 0.275001 0.317522 0.420668 0.557377 0.427344 0.580881
803000 0.851195 1.48406 0.45365 0.608996 0.436264 0.593741
804000 0.427628 0.786972 0.418251 0.57245 0.427355 0.582117
805000 0.420914 0.610241 0.433975 0.581046 0.438301 0.591897
806000 0.179332 0.378252 0.438621 0.593821 0.429385 0.587872
807000 0.260208 0.349511 0.430761 0.575154 0.438096 0.582769
808000 0.0654781 0.265901 0.438771 0.588872 0.433382 0.586196
809000 0.285263 0.533955 0.422931 0.561913 0.4352 0.577754
810000 0.293967 0.307589 0.432856 0.59939 0.452635 0.611301
811000 0.349171 0.463113 0.425428 0.572477 0.427902 0.572896
812000 0.264908 0.582191 0.413673 0.570668 0.424681 0.579766
813000 0.195173 0.277728 0.421591 0.576654 0.427666 0.57705
814000 0.543576 1.02985 0.423731 0.578656 0.411168 0.563888
815000 0.347089 0.58644 0.430124 0.581147 0.427962 0.578408
816000 0.459167 0.72825 0.424398 0.574491 0.422345 0.571304
817000 0.310225 0.497459 0.42255 0.574666 0.417176 0.568897
818000 0.0877223 0.57582 0.422072 0.57623 0.429381 0.575413
819000 0.570376 0.703358 0.438416 0.589985 0.4531 0.601571
820000 0.755839 0.852274 0.44568 0.587498 0.44343 0.577191
821000 0.357919 0.404982 0.443149 0.593654 0.442263 0.585902
822000 0.241214 0.311443 0.448347 0.597742 0.457456 0.603645
823000 0.410304 0.412774 0.462631 0.606385 0.445614 0.59004
824000 0.392517 0.873562 0.437571 0.591491 0.44333 0.594975
825000 0.379498 0.593998 0.435595 0.589611 0.431981 0.581068
826000 0.480972 0.501114 0.435233 0.589289 0.427622 0.586984
827000 0.588813 0.682827 0.427935 0.576188 0.423773 0.575566
828000 0.225897 0.241187 0.426935 0.599591 0.429474 0.592863
829000 0.584291 0.669881 0.427951 0.588985 0.442927 0.597455
830000 0.383259 1.07699 0.422069 0.586474 0.428226 0.583936
831000 0.791901 1.04876 0.443764 0.606423 0.441929 0.596553
832000 0.367062 0.503294 0.455517 0.593794 0.437433 0.585007
833000 0.541242 0.645212 0.423041 0.562594 0.431029 0.581503
834000 1.16825 1.3929 0.460848 0.604353 0.43252 0.583101
835000 0.373808 0.42505 0.449188 0.610345 0.444993 0.602613
836000 0.226717 0.48239 0.442033 0.588711 0.442416 0.589887
837000 0.27323 0.327018 0.401832 0.586199 0.426113 0.59094
838000 0.453975 0.571601 0.455453 0.613234 0.448735 0.597368
839000 0.382132 0.530643 0.454827 0.607695 0.441869 0.592686
840000 0.626079 0.630073 0.449721 0.596474 0.448147 0.605287
841000 0.278808 0.623605 0.417515 0.567345 0.432562 0.580087
842000 0.418019 0.624328 0.442191 0.574813 0.449962 0.587545
843000 0.246221 0.417306 0.41816 0.584908 0.425124 0.578025
844000 0.661357 0.679935 0.424969 0.576071 0.427532 0.583022
845000 0.309626 0.42597 0.413734 0.569491 0.421448 0.577759
846000 0.491832 0.715259 0.439737 0.594996 0.451107 0.594875
847000 0.351603 0.571749 0.439794 0.583603 0.439599 0.58283
848000 0.417375 0.515911 0.448689 0.594319 0.438723 0.58352
849000 0.258202 0.480124 0.427977 0.563461 0.432182 0.569362
850000 0.250974 0.367608 0.412565 0.56831 0.429731 0.576746
851000 0.250361 0.385297 0.435246 0.589418 0.433388 0.582689
852000 0.338225 0.483818 0.434835 0.574369 0.437009 0.587867
853000 0.339564 0.505081 0.449724 0.610499 0.448207 0.601377
854000 0.500991 0.704234 0.432202 0.585938 0.438417 0.596015
855000 0.140693 0.362345 0.453418 0.598707 0.452099 0.596565
856000 0.556389 0.611844 0.431294 0.57691 0.429106 0.582724
857000 0.620684 0.681014 0.436811 0.584803 0.43439 0.590197
858000 0.293446 0.528518 0.448413 0.595669 0.452303 0.597008
859000 0.047283 0.339857 0.454728 0.602959 0.440346 0.595588
860000 0.39629 0.575443 0.4491 0.603406 0.446919 0.600577
861000 0.409664 0.415219 0.421746 0.572424 0.437383 0.584226
862000 0.525898 0.53841 0.452016 0.600656 0.439328 0.58769
863000 0.458829 0.499938 0.459678 0.602765 0.447865 0.587374
864000 0.171967 0.44038 0.428309 0.579345 0.437919 0.585128
865000 0.108597 0.305017 0.42239 0.560578 0.433215 0.575773
866000 1.05827 1.07868 0.461725 0.605622 0.44109 0.593849
867000 0.617289 0.621544 0.424814 0.572878 0.441345 0.587552
868000 0.458241 0.509449 0.425578 0.570931 0.434539 0.583108
869000 0.397307 0.405143 0.438014 0.588479 0.441152 0.594709
870000 0.154235 0.18452 0.420244 0.56524 0.426387 0.573279
871000 0.860877 1.078 0.444238 0.612438 0.439002 0.595441
872000 0.303465 0.341701 0.404663 0.554169 0.424605 0.571616
873000 0.585741 0.605166 0.427784 0.574405 0.431791 0.582252
874000 0.481426 0.516463 0.412624 0.575757 0.42477 0.591002
875000 0.562541 0.572692 0.438605 0.594463 0.433192 0.593019
876000 0.269808 0.330597 0.435883 0.588856 0.43859 0.592869
877000 0.590891 0.598155 0.429764 0.576949 0.445115 0.593408
878000 0.134634 0.297096 0.44409 0.575724 0.431674 0.56925
879000 0.229712 0.490684 0.428191 0.565693 0.430079 0.575208
880000 0.17719 0.463384 0.451817 0.608174 0.452122 0.599549
881000 0.247229 0.381832 0.441679 0.597864 0.43804 0.589307
882000 0.882544 0.925619 0.40977 0.563481 0.425345 0.578777
883000 0.302034 0.581701 0.436469 0.593531 0.434071 0.580804
884000 0.469901 0.539895 0.436764 0.589745 0.435804 0.587509
885000 0.26919 0.283468 0.424517 0.58112 0.425386 0.584026
886000 0.246763 0.314225 0.428932 0.58627 0.425752 0.580317
887000 0.369024 0.378467 0.424735 0.566782 0.43619 0.582124
888000 0.445166 0.604623 0.415446 0.560229 0.419735 0.565957
889000 0.33973 0.727538 0.428074 0.586556 0.42663 0.580907
890000 0.510532 0.513976 0.423267 0.583752 0.437853 0.600145
891000 0.578065 0.686691 0.440567 0.600048 0.441425 0.590778
892000 0.184776 0.190611 0.449504 0.595562 0.444415 0.590931
893000 0.323453 0.470653 0.451465 0.588178 0.448684 0.595978
894000 0.234745 0.338077 0.464646 0.610392 0.452145 0.602053
895000 0.366044 0.372232 0.44125 0.587274 0.434826 0.588743
896000 0.353555 0.454169 0.442918 0.598086 0.441621 0.592701
897000 0.508629 0.538623 0.441424 0.601721 0.431202 0.602745
898000 0.229644 0.410045 0.451345 0.586181 0.451935 0.59382
899000 0.555333 0.625425 0.433782 0.579775 0.443806 0.594402
900000 0.295624 0.3245 0.41664 0.56768 0.426117 0.571584
901000 0.364732 0.771267 0.463984 0.614103 0.459589 0.602133
902000 0.300488 0.674819 0.452991 0.598881 0.450653 0.593618
903000 0.409745 0.587264 0.472082 0.613863 0.441511 0.583166
904000 0.825076 0.841405 0.43145 0.579657 0.432278 0.584081
905000 0.438242 0.712987 0.466832 0.623994 0.459121 0.614628
906000 0.27948 0.44422 0.426472 0.569885 0.420688 0.562642
907000 0.381322 0.444628 0.452686 0.605603 0.43861 0.593962
908000 0.426296 1.02141 0.435793 0.593972 0.426966 0.577143
909000 0.312377 0.386941 0.457352 0.610666 0.453569 0.609056
910000 0.386844 0.509627 0.447708 0.604663 0.438268 0.588666
911000 0.530802 0.653224 0.439342 0.615184 0.443694 0.605511
912000 0.488929 0.720092 0.430067 0.598827 0.437934 0.596699
913000 0.105204 0.31617 0.409552 0.555124 0.426158 0.567636
914000 0.753832 0.829197 0.465104 0.634179 0.453841 0.601534
915000 0.285516 0.513158 0.436345 0.59958 0.440738 0.594868
916000 0.458375 0.762768 0.427357 0.578896 0.430703 0.586029
917000 0.193949 0.439764 0.440883 0.584629 0.439503 0.579531
918000 0.384799 0.714874 0.455467 0.598922 0.444314 0.587856
919000 0.588217 0.657211 0.426088 0.567322 0.422592 0.571512
920000 0.429713 0.667709 0.430013 0.589861 0.432313 0.591248
921000 0.205435 0.544554 0.430509 0.577678 0.436842 0.584385
922000 0.480937 0.571045 0.425556 0.574811 0.43433 0.578607
923000 0.199615 0.255892 0.450532 0.6061 0.447953 0.599994
924000 0.392789 0.573204 0.418917 0.556523 0.424565 0.57471
925000 0.383379 0.552532 0.445558 0.59271 0.438352 0.594519
926000 0.34826 0.50018 0.447209 0.59754 0.434233 0.578416
927000 0.771946 0.957268 0.405202 0.568756 0.42177 0.579723
928000 0.244713 0.388988 0.444585 0.597332 0.438771 0.592512
929000 0.423622 0.557137 0.42431 0.596461 0.430296 0.588951
930000 0.985151 1.28136 0.435009 0.589902 0.42583 0.578583
931000 0.448989 0.467518 0.458991 0.608785 0.451407 0.604146
932000 0.362338 0.406488 0.449483 0.599626 0.440086 0.597569
933000 0.595972 0.600066 0.447601 0.610886 0.438749 0.596521
934000 0.294798 0.383795 0.42355 0.575679 0.42662 0.578452
935000 0.551486 0.626845 0.45338 0.594907 0.444466 0.591297
936000 0.401913 1.1203 0.451751 0.601755 0.436734 0.585568
937000 0.60558 0.641559 0.465753 0.627418 0.45249 0.607605
938000 0.335802 0.413114 0.426984 0.597974 0.441315 0.602907
939000 0.738104 0.89344 0.425984 0.587411 0.430611 0.583079
940000 0.118271 0.439119 0.446321 0.58301 0.44714 0.586568
941000 0.233044 0.365594 0.449367 0.602296 0.443884 0.597463
942000 0.903424 0.978643 0.454731 0.604021 0.445842 0.595182
943000 0.604979 0.623541 0.433341 0.578511 0.418525 0.567359
944000 0.458075 0.508035 0.412283 0.567579 0.42363 0.572109
945000 0.51756 0.58546 0.430335 0.586736 0.430521 0.583979
946000 0.695931 0.739704 0.433921 0.606219 0.423706 0.58582
947000 0.059417 0.214537 0.459684 0.600427 0.450095 0.596991
948000 0.610015 0.730458 0.42817 0.566195 0.429979 0.577924
949000 0.348304 0.35939 0.42598 0.567936 0.426081 0.573946
950000 1.01821 1.16973 0.443012 0.586914 0.43519 0.581144
951000 0.320313 0.547505 0.456671 0.613152 0.4455 0.603195
952000 0.588855 0.89755 0.4254 0.57255 0.442614 0.58873
953000 0.298003 0.604773 0.447373 0.593184 0.450213 0.602285
954000 0.285757 0.585337 0.418468 0.56293 0.429138 0.57416
955000 0.366051 0.480928 0.428313 0.580713 0.429998 0.57864
956000 0.633744 0.700675 0.433551 0.58566 0.447388 0.59744
957000 0.20711 0.25908 0.440721 0.596586 0.441017 0.603061
958000 0.234763 0.372069 0.435159 0.595131 0.445602 0.607437
959000 0.405537 0.442237 0.446949 0.594733 0.447257 0.597998
960000 0.211 0.285624 0.418732 0.572396 0.414843 0.565659
961000 0.572468 0.800614 0.432833 0.570869 0.431541 0.577989
962000 0.512789 0.640202 0.430627 0.590802 0.433125 0.593004
963000 0.187606 0.33299 0.42593 0.58724 0.424918 0.586882
964000 0.255389 0.256176 0.452485 0.614154 0.454826 0.614878
965000 0.239361 0.808532 0.441876 0.581747 0.42906 0.566993
966000 0.341831 0.391459 0.429873 0.570578 0.422249 0.573318
967000 0.556694 0.661341 0.454001 0.606356 0.44542 0.593132
968000 0.553052 0.610655 0.439327 0.579072 0.445927 0.589951
969000 0.585395 0.658626 0.426537 0.591993 0.422848 0.577866
970000 0.50686 0.574906 0.452341 0.605399 0.45875 0.618217
971000 0.786998 1.01992 0.413994 0.567504 0.417505 0.574511
972000 0.215401 0.467617 0.424878 0.568721 0.436097 0.582448
973000 0.454601 0.485801 0.434665 0.576972 0.447813 0.593289
974000 0.481109 0.563802 0.45158 0.595044 0.441143 0.587095
975000 0.801678 0.85919 0.428954 0.580982 0.432215 0.583616
976000 0.227099 0.529906 0.457819 0.61332 0.449925 0.604171
977000 0.518944 0.544154 0.458479 0.609989 0.453579 0.604518
978000 0.692802 0.724161 0.441479 0.593743 0.431678 0.589311
979000 0.100777 0.382612 0.431843 0.577387 0.44138 0.587913
980000 0.290128 0.322558 0.437092 0.586854 0.434294 0.585347
981000 0.149874 0.388389 0.43342 0.588544 0.438751 0.593589
982000 0.258392 0.373875 0.470364 0.620744 0.448782 0.610174
983000 0.578458 0.651689 0.434786 0.601622 0.444728 0.602795
984000 0.561931 0.871318 0.432081 0.592058 0.437058 0.593644
985000 0.148795 0.360227 0.468311 0.611713 0.44459 0.58974
986000 0.537981 1.10811 0.439433 0.597306 0.424166 0.57568
987000 0.177742 0.467267 0.439822 0.595207 0.447405 0.598351
988000 0.467813 0.583714 0.441459 0.576006 0.426119 0.573583
989000 0.521467 0.534112 0.456352 0.611733 0.441164 0.603422
990000 0.384645 0.616345 0.427486 0.585525 0.430011 0.588804
991000 0.303073 0.502394 0.469713 0.633088 0.450331 0.606039
992000 0.326114 0.352291 0.436554 0.594738 0.430084 0.596825
993000 0.512361 0.838095 0.450413 0.613298 0.458716 0.6107
994000 0.11444 0.39366 0.446741 0.600274 0.440974 0.599027
995000 0.421545 0.543669 0.430401 0.577574 0.431175 0.578507
996000 0.437425 0.669819 0.440464 0.59142 0.444621 0.592735
997000 0.397612 0.501987 0.448016 0.589811 0.437942 0.578337
998000 0.531067 0.848156 0.422116 0.575096 0.422082 0.568771
999000 0.469145 0.582838 0.443165 0.605033 0.443017 0.59867
1000000 0.652667 0.874963 0.467014 0.613291 0.454958 0.605236
1001000 0.536924 1.12406 0.44657 0.592428 0.450202 0.596619
1002000 0.337082 0.452563 0.448945 0.600041 0.446955 0.598115
1003000 0.30191 0.493475 0.442179 0.599772 0.435415 0.587838
1004000 0.180425 0.504163 0.430469 0.582359 0.430223 0.572843
1005000 0.781053 1.13749 0.430897 0.592844 0.441688 0.593947
1006000 0.572681 0.629277 0.422648 0.592117 0.419485 0.57955
1007000 0.491201 0.766827 0.441504 0.588521 0.43766 0.59275
1008000 0.434722 0.504288 0.439014 0.601515 0.429424 0.592495
1009000 0.336639 0.509462 0.437667 0.588275 0.443993 0.606346
1010000 0.407908 0.611485 0.475149 0.61 0.443206 0.584829
1011000 0.595646 0.608203 0.424252 0.574839 0.425232 0.566322
1012000 0.749679 0.80323 0.431507 0.580684 0.43401 0.587139
1013000 0.571922 0.603491 0.441118 0.584587 0.436676 0.583781
1014000 0.367157 0.507713 0.428351 0.57863 0.435558 0.587013
1015000 0.418563 0.606692 0.442001 0.585544 0.430729 0.579205
1016000 0.207781 0.28829 0.437705 0.59975 0.448653 0.608309
1017000 0.68651 0.749537 0.450254 0.599974 0.443199 0.591091
1018000 0.271903 0.305853 0.44003 0.588948 0.437951 0.583194
1019000 0.521464 0.727837 0.433313 0.57683 0.445962 0.588027
1020000 0.106332 0.193521 0.423966 0.579076 0.429308 0.577259
1021000 0.461334 0.499203 0.450208 0.593342 0.439821 0.59212
1022000 0.385431 0.387141 0.439356 0.588366 0.436607 0.589017
1023000 0.447674 0.637338 0.429452 0.582188 0.422888 0.569917
1024000 0.524264 0.859398 0.453444 0.593325 0.443011 0.585629
1025000 0.328642 0.374559 0.441874 0.601067 0.439957 0.596014
1026000 0.175746 0.496338 0.430172 0.57873 0.434654 0.584947
1027000 0.771015 0.869105 0.421687 0.572217 0.437859 0.591163
1028000 0.620165 0.660584 0.45503 0.587444 0.453534 0.601752
1029000 0.538031 0.696146 0.433886 0.585368 0.442075 0.597179
1030000 0.708013 0.871268 0.448231 0.608532 0.444908 0.606174
1031000 0.77602 0.917853 0.422951 0.571369 0.424643 0.575632
1032000 0.436756 0.68066 0.463644 0.621044 0.445102 0.60437
1033000 0.166254 0.384844 0.458787 0.623534 0.451999 0.604896
1034000 0.365469 0.467589 0.409363 0.555888 0.420476 0.565761
1035000 0.893011 0.954527 0.42508 0.577109 0.431246 0.573211
1036000 0.835274 0.849201 0.466063 0.623317 0.440083 0.597593
1037000 0.460264 0.706669 0.449009 0.602136 0.43142 0.584479
1038000 0.551386 0.592429 0.426924 0.575048 0.43323 0.576079
1039000 0.298385 0.471808 0.432878 0.587995 0.440604 0.590472
1040000 0.704874 0.784774 0.452197 0.590119 0.446721 0.586875
1041000 0.341357 0.547082 0.423097 0.571746 0.442147 0.595765
1042000 0.558305 0.732817 0.441624 0.597551 0.437033 0.591945
1043000 0.972056 1.30929 0.440884 0.594214 0.428746 0.57722
1044000 0.185868 0.241318 0.451132 0.600749 0.446717 0.593585
1045000 0.360266 0.443183 0.430798 0.589233 0.447779 0.607572
1046000 0.628855 1.14505 0.414601 0.576702 0.43987 0.60288
1047000 0.365138 0.481397 0.429668 0.570609 0.429122 0.573781
1048000 0.321832 0.680548 0.446227 0.592219 0.441731 0.588631
1049000 0.2324 0.399462 0.456077 0.608422 0.446764 0.590794
1050000 0.571639 0.759686 0.415245 0.576418 0.42139 0.58198
1051000 0.449518 0.573817 0.437826 0.593059 0.435874 0.590929
1052000 0.479395 0.526996 0.415764 0.569839 0.423857 0.575976
1053000 0.230119 0.355893 0.436987 0.581096 0.431829 0.575367
1054000 0.374678 0.376053 0.440856 0.582159 0.434704 0.583759
1055000 0.493537 0.600077 0.469665 0.613546 0.444792 0.594625
1056000 0.789746 1.03561 0.417906 0.575822 0.43484 0.578364
1057000 0.457086 0.557469 0.437885 0.593167 0.425803 0.583702
1058000 0.628759 0.671446 0.443453 0.596937 0.429943 0.587242
1059000 0.537131 0.576025 0.429012 0.583724 0.427029 0.576793
1060000 0.660824 0.733596 0.457366 0.608106 0.4549 0.611096
1061000 0.596914 0.921088 0.454182 0.592348 0.442088 0.589837
1062000 0.676921 0.821305 0.445624 0.589679 0.44254 0.587581
1063000 0.265123 0.559562 0.412913 0.563833 0.435524 0.579548
1064000 0.343072 0.578137 0.466759 0.613543 0.451913 0.602558
1065000 0.901962 0.986916 0.432372 0.597211 0.424094 0.599601
1066000 0.465785 0.467256 0.448121 0.580995 0.433816 0.575785
1067000 0.148117 0.226612 0.425502 0.563952 0.437372 0.583858
1068000 0.160741 0.298676 0.484212 0.641498 0.464934 0.626539
1069000 0.417582 0.437151 0.453131 0.60579 0.444227 0.599216
1070000 0.149623 0.365215 0.444619 0.58151 0.438414 0.586017
1071000 0.0351648 0.36149 0.429114 0.566076 0.440661 0.579737
1072000 0.495999 0.682927 0.425694 0.579752 0.422095 0.57963
1073000 0.313433 0.467925 0.427636 0.585827 0.433917 0.589042
1074000 0.125795 0.26781 0.452906 0.595985 0.453248 0.607091
1075000 0.223057 0.272295 0.441052 0.600832 0.452064 0.606623
1076000 0.82364 0.872072 0.423781 0.586526 0.439658 0.59696
1077000 0.351555 0.4848 0.42362 0.581204 0.423129 0.574776
1078000 0.230529 0.566156 0.447594 0.609859 0.440711 0.595457
1079000 0.237063 0.476485 0.429568 0.568562 0.436186 0.580473
1080000 0.307742 0.481597 0.437655 0.589211 0.426435 0.574332
1081000 0.546625 0.657356 0.431966 0.597714 0.425076 0.583265
1082000 0.292759 0.402118 0.44133 0.592527 0.436368 0.592757
1083000 0.61238 0.931887 0.463042 0.602844 0.437061 0.581773
1084000 0.32372 0.679888 0.439326 0.585186 0.44205 0.587859
1085000 0.487224 0.602381 0.450736 0.595889 0.454185 0.604574
1086000 0.7321 0.883555 0.425223 0.566013 0.426303 0.576251
1087000 0.290418 0.327918 0.428969 0.584627 0.44086 0.592778
1088000 0.855214 0.8583 0.463293 0.614293 0.442108 0.595224
1089000 0.148419 0.312185 0.435285 0.598356 0.447511 0.604529
1090000 0.279011 0.397525 0.413225 0.579927 0.41895 0.57465
1091000 0.805555 0.979195 0.437401 0.593094 0.427528 0.583164
1092000 1.01544 1.1324 0.434723 0.587258 0.436621 0.591058
1093000 0.518943 0.523317 0.45022 0.60591 0.444069 0.60381
1094000 0.51872 0.529255 0.471524 0.625713 0.449482 0.611803
1095000 0.479759 0.487584 0.42532 0.582768 0.437017 0.591778
1096000 0.619299 0.745985 0.447659 0.592697 0.440227 0.584556
1097000 0.681374 0.841333 0.440529 0.609206 0.441507 0.601791
1098000 0.143698 0.474347 0.409767 0.573244 0.425061 0.590451
1099000 0.267684 0.324329 0.410241 0.555119 0.427706 0.568773
